10 0.572266 0.386719 0.167969 0.315104
10 0.314453 0.545573 0.097656 0.236979
10 0.193359 0.673177 0.152344 0.242188
10 0.139648 0.285156 0.119141 0.236979
10 0.869141 0.302083 0.183594 0.302083
10 0.773438 0.647135 0.097656 0.236979
10 0.439453 0.580729 0.121094 0.182292
10 0.450195 0.756510 0.146484 0.179688
10 0.285156 0.171875 0.117188 0.187500
10 0.880859 0.783854 0.089844 0.281250
10 0.089844 0.494792 0.117188 0.161458
10 0.109375 0.910156 0.109375 0.179688
10 0.478516 0.923177 0.125000 0.132812
10 0.585938 0.929688 0.062500 0.140625
10 0.665039 0.744792 0.103516 0.213542
10 0.227539 0.402344 0.099609 0.169271
