27 0.048333 0.490244 0.090000 0.121951
27 0.068333 0.329268 0.130000 0.131707
27 0.125000 0.192683 0.136667 0.297561
27 0.223333 0.273171 0.060000 0.107317
27 0.281667 0.304878 0.096667 0.190244
27 0.415000 0.243902 0.123333 0.165854
27 0.326667 0.531707 0.153333 0.136585
27 0.426667 0.548780 0.106667 0.229268
27 0.378333 0.807317 0.150000 0.278049
27 0.511667 0.846341 0.103333 0.268293
27 0.568333 0.573171 0.076667 0.180488
27 0.661667 0.529268 0.143333 0.248780
27 0.621667 0.109756 0.076667 0.073171
27 0.705000 0.200000 0.076667 0.087805
27 0.861667 0.226829 0.083333 0.180488
27 0.736667 0.773171 0.126667 0.170732
27 0.818333 0.595122 0.116667 0.136585
27 0.870000 0.453659 0.093333 0.214634
27 0.951667 0.407317 0.070000 0.239024
27 0.920000 0.663415 0.080000 0.078049
27 0.880000 0.760976 0.080000 0.087805
27 0.858333 0.885366 0.170000 0.151220
27 0.966667 0.775610 0.066667 0.117073
