28 0.134328 0.478261 0.201493 0.173913
28 0.061567 0.681159 0.115672 0.222222
28 0.229478 0.673913 0.212687 0.256039
28 0.414179 0.405797 0.156716 0.125604
28 0.457090 0.560386 0.152985 0.144928
28 0.425373 0.673913 0.164179 0.178744
28 0.617537 0.579710 0.160448 0.231884
28 0.639925 0.408213 0.145522 0.188406
28 0.714552 0.500000 0.100746 0.178744
28 0.811567 0.548309 0.115672 0.169082
28 0.861940 0.321256 0.164179 0.169082
28 0.932836 0.239130 0.119403 0.149758
28 0.923507 0.485507 0.130597 0.198068
28 0.750000 0.287440 0.134328 0.149758
