27 0.076159 0.422787 0.080795 0.103578
27 0.058278 0.193974 0.100662 0.252354
27 0.141722 0.290019 0.071523 0.131827
27 0.215894 0.300377 0.068874 0.148776
27 0.341060 0.249529 0.149669 0.129944
27 0.095364 0.603578 0.098013 0.129944
27 0.247020 0.547081 0.178808 0.145009
27 0.376159 0.546139 0.193377 0.327684
27 0.321854 0.797552 0.148344 0.239171
27 0.461589 0.823917 0.109934 0.273070
27 0.525166 0.560264 0.070199 0.156309
27 0.558278 0.647834 0.054305 0.060264
27 0.615232 0.520716 0.128477 0.209040
27 0.708609 0.744821 0.090066 0.163842
27 0.572185 0.096045 0.113907 0.112994
27 0.668212 0.194915 0.104636 0.126177
27 0.825166 0.212806 0.068874 0.105461
27 0.847020 0.442561 0.080795 0.218456
27 0.931788 0.404896 0.086093 0.225989
27 0.788742 0.599812 0.083444 0.103578
27 0.913907 0.643126 0.100662 0.088512
27 0.860927 0.756121 0.100662 0.088512
27 0.949669 0.767420 0.100662 0.088512
27 0.830464 0.870998 0.174834 0.099812
