26 0.247059 0.550573 0.161765 0.253817
26 0.285294 0.727099 0.173529 0.175573
26 0.288971 0.841603 0.101471 0.148855
26 0.425735 0.802481 0.151471 0.280534
26 0.490441 0.932252 0.086765 0.124046
26 0.532353 0.595420 0.170588 0.278626
26 0.637500 0.497137 0.139706 0.192748
26 0.552941 0.873092 0.144118 0.169847
26 0.625000 0.749046 0.123529 0.181298
26 0.388235 0.334924 0.100000 0.208015
26 0.478676 0.308206 0.107353 0.215649
26 0.552941 0.178435 0.120588 0.295802
26 0.649265 0.215649 0.130882 0.232824
26 0.727941 0.416985 0.161765 0.223282
26 0.731618 0.104008 0.116176 0.124046
