27 0.061667 0.490244 0.116667 0.170732
27 0.060000 0.331707 0.113333 0.146341
27 0.145000 0.212195 0.083333 0.278049
27 0.216667 0.292683 0.040000 0.097561
27 0.293333 0.292683 0.100000 0.156098
27 0.411667 0.268293 0.123333 0.175610
27 0.075000 0.697561 0.103333 0.224390
27 0.321667 0.531707 0.123333 0.165854
27 0.438333 0.548780 0.103333 0.287805
27 0.380000 0.800000 0.180000 0.292683
27 0.528333 0.836585 0.090000 0.248780
27 0.590000 0.573171 0.113333 0.219512
27 0.680000 0.536585 0.120000 0.204878
27 0.748333 0.739024 0.063333 0.131707
27 0.843333 0.895122 0.206667 0.141463
27 0.896667 0.760976 0.093333 0.048780
27 0.818333 0.612195 0.090000 0.141463
27 0.933333 0.663415 0.080000 0.058537
27 0.971667 0.782927 0.056667 0.092683
27 0.621667 0.107317 0.083333 0.078049
27 0.711667 0.217073 0.123333 0.121951
27 0.853333 0.219512 0.073333 0.136585
27 0.868333 0.473171 0.110000 0.224390
27 0.946667 0.417073 0.066667 0.219512
